2024 0 23 13 48 24  1 122208 592 917 13866
2024 0 23 13 53 4  1 123261 592 920 13883
2024 0 23 13 54 22  1 122208 592 917 13866
2024 0 23 13 54 57  1 121388 592 920 13900
2024 1 29 9 40 48  1 121200 592 920 13900
2024 1 29 12 50 34  1 121200 592 923 13929
2024 1 29 12 55 38  1 121787 595 924 13994
2024 1 29 12 58 38  2 163158 601 1104 15371
2024 1 29 13 2 48  2 164061 601 1104 15371
2024 1 29 14 57 55  2 185631 617 1233 16492
2024 2 8 14 7 15  2 234346 624 1248 16714
2024 2 22 16 44 9  3 235156 627 1307 17084
2024 3 12 11 58 18  3 262199 619 1355 17471
2024 3 12 11 59 42  3 262199 619 1355 17471
2024 3 12 11 59 56  3 262199 619 1355 17471
2024 3 12 12 0 41  3 262199 619 1355 17471
2024 3 12 12 1 52  3 262199 619 1355 17471
2024 3 25 12 54 24  3 262199 619 1355 17471
2024 3 25 14 26 22  4 257438 627 1519 18721
2024 3 25 14 28 19  3 251558 627 1519 18722
2024 3 25 15 1 1  3 218432 617 1503 18559
2024 3 26 10 20 8  3 677966 617 1507 18570
2024 3 26 10 20 44  3 677882 617 1507 18572
2024 3 26 10 21 15  3 677815 617 1507 18570
2024 4 1 14 34 12  5 648477 650 1867 21429
2024 4 1 14 37 58  5 648456 650 1868 21426
2024 4 1 14 41 35  5 648541 651 1877 21534
2024 4 3 12 10 34  5 693462 657 1910 21772
2024 4 3 12 18 49  6 694426 658 1956 22112
2024 4 3 15 6 14  6 687135 666 2154 23575
2024 4 3 15 7 25  6 687135 666 2154 23572
2024 4 3 15 8 17  6 687001 668 2154 23565
2024 4 3 15 55 4  6 541674 671 2160 23720
2024 4 3 15 55 58  6 541632 671 2160 23723
2024 4 3 16 0 22  6 541715 673 2162 23744
2024 4 3 16 2 18  6 556807 673 2162 23744
2024 4 3 16 3 11  6 541738 673 2162 23744
2024 4 3 16 4 0  6 540742 673 2162 23744
2024 4 3 16 4 52  5 534434 673 2162 23745
2024 4 3 16 12 45  5 543993 672 2217 24162
2024 4 8 15 6 8  7 572069 687 2360 25212
2024 4 8 18 49 31  7 576964 691 2554 26885
2024 4 8 18 50 34  7 577186 691 2564 26968
2024 4 8 18 51 24  7 577197 691 2564 26970
2024 4 8 18 52 9  7 585760 692 2565 26984
2024 4 8 18 52 33  7 585785 692 2565 26978
2024 4 9 9 0 6  7 577080 695 2568 27003
2024 4 9 9 0 46  7 577080 696 2569 27011
2024 4 9 9 1 1  7 600818 696 2569 27010
2024 4 9 9 10 54  7 600834 699 2573 27065
2024 4 9 9 11 35  7 602654 699 2575 27089
2024 4 9 9 11 51  7 591862 699 2575 27097
2024 4 9 9 12 37  7 591862 699 2573 27085
2024 4 9 9 12 53  7 591862 700 2574 27097
2024 4 9 9 13 30  7 591859 700 2572 27084
2024 4 9 9 14 7  7 591821 700 2567 27046
2024 4 9 9 14 45  7 591819 699 2566 27037
2024 4 9 9 37 38  8 611954 714 2575 27535
2024 4 9 9 41 37  10 710121 714 2575 27535
2024 4 9 9 46 1  12 710425 726 2582 27631
2024 4 9 9 47 13  12 710865 730 2614 27894
2024 4 9 10 3 26  12 712149 735 2780 29155
2024 4 9 12 32 14  13 728826 725 3535 34428
2024 4 9 12 35 27  13 728594 725 3535 34426
2024 4 9 12 37 10  13 729450 725 3535 34432
2024 4 9 12 37 50  12 728306 725 3535 34428
2024 4 9 12 56 26  12 722159 724 3663 35382
2024 4 9 12 56 43  12 722159 724 3663 35382
2024 4 9 12 57 28  12 722169 724 3664 35392
